74,35
10,112
10,32
10,184
10,248
10,207
10,251
10,65
10,2
10,3
9,7
9,4
9,1
9,6
9,2
9,3
8,9
8,8
8,10
8,17
8,16
72,4
72,3
72,2
72,1
72,0
41,3
41,2
41,1
41,0
27,3
27,2
27,1
20,3
20,2
20,1
19,2
19,3
19,1
12,3
12,2
12,1
11,30
11,29
11,28
11,27
11,26
11,25
11,24
11,23
11,22
11,21
11,20
11,19
11,18
11,17
11,16
11,15
11,14
11,13
11,12
11,11
11,10
11,9
11,8
11,7
11,6
11,5
11,4
11,3
11,2
11,1
10,313
10,311
10,310
10,309
10,306
10,305
10,304
10,303
10,300
10,299
10,297
10,295
10,293
10,291
10,289
10,288
10,286
10,285
10,284
10,282
10,280
10,279
10,276
10,275
10,272
10,271
10,265
10,264
10,260
10,259
10,257
10,253
10,252
10,245
10,242
18,1
10,218
18,3
10,205
14,1
10,196
