61,35
3,2
3,1
3,3
10,260
10,152
10,148
10,265
9,6
9,4
8,5
8,9
8,6
8,11
8,8
8,10
8,2
8,3
52,4
52,3
52,2
52,1
52,0
41,3
41,2
41,1
41,0
27,3
27,2
27,1
20,3
20,2
20,1
19,3
19,2
19,1
12,3
12,2
12,1
11,30
11,29
11,28
11,27
11,26
11,25
11,24
11,23
11,22
11,21
11,20
11,19
11,18
11,17
11,16
11,15
11,14
11,13
11,12
11,11
11,10
11,9
11,8
11,7
11,6
11,5
11,4
11,3
11,2
11,1
10,311
10,310
10,309
10,306
10,305
10,304
10,303
10,299
10,293
10,291
10,289
10,288
10,285
10,282
10,276
10,272
10,271
10,264
18,1
10,259
18,3
10,248
10,247
14,1
10,244
14,3
10,237
13,1
10,234
13,3
10,232
10,230
10,227
10,221
10,218
10,215
10,214
10,211
10,209
