3,2
3,1
3,3
10,165
10,97
10,218
10,4
10,189
8,6
8,11
8,7
8,4
8,2
8,3
72,4
72,3
72,2
72,1
72,0
41,3
41,2
41,1
41,0
27,3
27,2
27,1
20,3
20,2
20,1
19,3
19,2
19,1
12,3
12,2
12,1
11,30
11,29
11,28
11,27
11,26
11,25
11,24
11,23
11,22
11,21
11,20
11,19
11,18
11,17
11,16
11,15
11,14
11,13
11,12
11,11
11,10
11,9
11,8
11,7
11,6
11,5
11,4
11,3
11,2
11,1
10,313
10,311
10,310
10,309
10,306
10,305
10,304
10,303
10,300
10,299
10,297
10,295
10,293
10,291
10,289
10,288
10,286
10,285
10,284
10,282
10,280
10,279
18,1
10,276
18,3
10,275
14,1
10,272
14,3
13,1
10,271
13,3
10,265
10,264
10,260
10,259
10,257
10,253
10,252
10,245
10,242
10,205
10,196
10,194
10,132
10,100
10,1
