55,35
3,2
3,1
3,3
10,68
10,157
10,161
10,139
10,140
10,8
10,194
10,214
8,9
8,7
8,16
8,12
8,10
8,2
8,3
52,4
52,3
52,2
52,1
52,0
41,3
41,2
41,1
41,0
27,3
27,2
27,1
20,3
20,2
20,1
19,3
19,2
19,1
12,3
12,2
12,1
11,30
11,29
11,28
11,27
11,26
11,25
11,24
11,23
11,22
11,21
11,20
11,19
11,17
11,16
11,15
11,14
11,13
11,12
11,11
11,10
11,9
11,8
11,7
11,6
11,5
11,4
11,3
11,2
18,1
11,1
18,3
10,310
10,309
10,306
10,305
14,1
10,304
10,303
14,3
13,1
10,299
10,293
13,3
10,291
10,289
10,276
10,272
10,259
10,248
10,247
10,234
10,230
10,221
10,201
10,195
10,154
10,137
10,106
10,104
10,103
10,69
10,35
2,2
10,5
